#![cfg(test)]

use crate::registry::sha1::Sha1;
use crate::runtime::test as testlib;
use crate::runtime::test_core;
use crate::runtime::u_string::UStr;


#[test]
fn hashes_boundaries() {
    testlib::run("tests.RegistrySha1Tests.hashesBoundaries", "tests.RegistrySha1Tests.hashesBoundaries: SHA-1 covers empty and padding boundaries", || {
        test_core::TestCore::test_core_equals_string(UStr::new(&[100,97,51,57,97,51,101,101,53,101,54,98,52,98,48,100,51,50,53,53,98,102,101,102,57,53,54,48,49,56,57,48,97,102,100,56,48,55,48,57]), Sha1::sha1_hex(UStr::new(&[])).as_ustr(), UStr::new(&[]));
        test_core::TestCore::test_core_equals_string(UStr::new(&[99,49,99,56,98,98,100,99,50,50,55,57,54,101,50,56,99,48,101,49,53,49,54,51,100,50,48,56,57,57,98,54,53,54,50,49,100,54,53,97]), Sha1::sha1_hex(UStr::new(&[97,97,97,97,97,97,97,97,97,97,97,97,97,97,97,97,97,97,97,97,97,97,97,97,97,97,97,97,97,97,97,97,97,97,97,97,97,97,97,97,97,97,97,97,97,97,97,97,97,97,97,97,97,97,97])).as_ustr(), UStr::new(&[]));
        test_core::TestCore::test_core_equals_string(UStr::new(&[99,50,100,98,51,51,48,102,54,48,56,51,56,53,52,99,57,57,100,52,98,53,98,102,98,54,101,56,102,50,57,102,50,48,49,98,101,54,57,57]), Sha1::sha1_hex(UStr::new(&[97,97,97,97,97,97,97,97,97,97,97,97,97,97,97,97,97,97,97,97,97,97,97,97,97,97,97,97,97,97,97,97,97,97,97,97,97,97,97,97,97,97,97,97,97,97,97,97,97,97,97,97,97,97,97,97])).as_ustr(), UStr::new(&[]));
        test_core::TestCore::test_core_equals_string(UStr::new(&[102,48,56,102,50,52,57,48,56,100,54,56,50,53,53,53,49,49,49,98,101,55,102,102,54,102,48,48,52,101,55,56,50,56,51,100,57,56,57,97]), Sha1::sha1_hex(UStr::new(&[97,97,97,97,97,97,97,97,97,97,97,97,97,97,97,97,97,97,97,97,97,97,97,97,97,97,97,97,97,97,97,97,97,97,97,97,97,97,97,97,97,97,97,97,97,97,97,97,97,97,97,97,97,97,97,97,97])).as_ustr(), UStr::new(&[]));
        test_core::TestCore::test_core_equals_string(UStr::new(&[48,51,102,48,57,102,53,98,49,53,56,97,55,97,56,99,100,97,100,57,50,48,98,100,100,99,50,57,98,56,49,99,49,56,97,53,53,49,102,53]), Sha1::sha1_hex(UStr::new(&[97,97,97,97,97,97,97,97,97,97,97,97,97,97,97,97,97,97,97,97,97,97,97,97,97,97,97,97,97,97,97,97,97,97,97,97,97,97,97,97,97,97,97,97,97,97,97,97,97,97,97,97,97,97,97,97,97,97,97,97,97,97,97])).as_ustr(), UStr::new(&[]));
        test_core::TestCore::test_core_equals_string(UStr::new(&[48,48,57,56,98,97,56,50,52,98,53,99,49,54,52,50,55,98,100,55,97,49,49,50,50,97,53,97,52,52,50,97,50,53,101,99,54,52,52,100]), Sha1::sha1_hex(UStr::new(&[97,97,97,97,97,97,97,97,97,97,97,97,97,97,97,97,97,97,97,97,97,97,97,97,97,97,97,97,97,97,97,97,97,97,97,97,97,97,97,97,97,97,97,97,97,97,97,97,97,97,97,97,97,97,97,97,97,97,97,97,97,97,97,97])).as_ustr(), UStr::new(&[]));
        test_core::TestCore::test_core_equals_string(UStr::new(&[101,101,57,55,49,48,54,53,97,97,97,48,49,55,101,48,54,51,50,97,56,99,97,54,99,55,55,98,98,51,98,102,56,98,49,100,102,99,53,54]), Sha1::sha1_hex(UStr::new(&[97,97,97,97,97,97,97,97,97,97,97,97,97,97,97,97,97,97,97,97,97,97,97,97,97,97,97,97,97,97,97,97,97,97,97,97,97,97,97,97,97,97,97,97,97,97,97,97,97,97,97,97,97,97,97,97,97,97,97,97,97,97,97,97,97,97,97,97,97,97,97,97,97,97,97,97,97,97,97,97,97,97,97,97,97,97,97,97,97,97,97,97,97,97,97,97,97,97,97,97,97,97,97,97,97,97,97,97,97,97,97,97,97,97,97,97,97,97,97])).as_ustr(), UStr::new(&[]));
        test_core::TestCore::test_core_equals_string(UStr::new(&[102,51,52,99,49,52,56,56,51,56,53,51,52,54,97,53,53,55,48,57,98,97,48,53,54,100,100,100,48,56,50,56,48,100,100,52,99,54,100,54]), Sha1::sha1_hex(UStr::new(&[97,97,97,97,97,97,97,97,97,97,97,97,97,97,97,97,97,97,97,97,97,97,97,97,97,97,97,97,97,97,97,97,97,97,97,97,97,97,97,97,97,97,97,97,97,97,97,97,97,97,97,97,97,97,97,97,97,97,97,97,97,97,97,97,97,97,97,97,97,97,97,97,97,97,97,97,97,97,97,97,97,97,97,97,97,97,97,97,97,97,97,97,97,97,97,97,97,97,97,97,97,97,97,97,97,97,97,97,97,97,97,97,97,97,97,97,97,97,97,97])).as_ustr(), UStr::new(&[]));
    });
}
